              precision    recall  f1-score   support

           0     0.9909    0.9969    0.9939       980
           1     0.9947    0.9982    0.9965      1135
           2     0.9961    0.9864    0.9912      1032
           3     0.9940    0.9891    0.9916      1010
           4     0.9879    0.9939    0.9909       982
           5     0.9877    0.9910    0.9894       892
           6     0.9937    0.9906    0.9922       958
           7     0.9846    0.9951    0.9898      1028
           8     0.9928    0.9856    0.9892       974
           9     0.9900    0.9851    0.9876      1009

    accuracy                         0.9913     10000
   macro avg     0.9912    0.9912    0.9912     10000
weighted avg     0.9913    0.9913    0.9913     10000
