              precision    recall  f1-score   support

           0     0.5000    0.5714    0.5333         7
           1     0.7143    1.0000    0.8333         5
           2     0.3333    0.2500    0.2857         8
           3     0.5714    0.5000    0.5333         8
           4     1.0000    1.0000    1.0000         3
           5     1.0000    0.8333    0.9091         6
           6     1.0000    0.6667    0.8000         6
           7     0.8750    0.8750    0.8750         8
           8     0.4000    1.0000    0.5714         2
           9     0.8571    0.8571    0.8571         7

    accuracy                         0.7000        60
   macro avg     0.7251    0.7554    0.7198        60
weighted avg     0.7185    0.7000    0.6975        60
